38045
39958
39962
39959
39963
37145
37029
40301
38225
41007
37162
35801
39620
39170
39400
34504
39878
38219
38018
38020
38021
38022
38048
38053
38028
38029
38027
38030
38058
38056
38054
38057
37033
38024
38764
40837
38817
41178
37208
38635
35330
35331
38683
38629
38820
38198
38123
40095
39840
38543
38544
39250
39257
39708
38825
40339
38185
39914
36345
40111
40131
38824
38676
40349
41060
38166
39537
39219
40869
39196
40391
40313
37171
40855
40870
40854
40852
40867
38164
38165
40775
41381
37946
38685
38628
36887
39025
39942
38188
40026
38103
39474
34440
38167
41351
41135
36629
40405
33621
38101
38099
33900
39890
37172
38106
39472
38823
40572
37351
40425
40422
39680
36886
40448
28824
39150
39456
34647
39198
40426
36413
38157
39513
40494
38154
38155
37185
40932
40207
40209
35201
40062
35721
39965
38358
40180
40776
40937
38598
39695
36443
39506
39507
39508
39509
40308
37189
40815
40575
38630
37732
37320
40593
39458
41362
38673
40173
40341
40277
38091
40559
38320
38141
38360
41100
40615
37911
37795
34385
39082
34390
39097
37935
40643
38505
39285
29494
29502
36371
39865
36397
39869
36402
39870
36424
39873
36372
39866
36425
39874
38005
39837
35853
40057
36339
40085
38181
39911
33248
35987
40547
38113
32440
32438
37945
38246
33243
40110
36430
40471
41431
41042
41043
40215
34352
40063
38191
39918
37273
38074
38601
38063
31313
36307
40247
40377
39291
39292
40217
37684
40145
29908
39154
35586
40250
37910
40931
38080
37065
38242
38257
33637
41003
38079
38484
39644
37307
37224
39467
38135
39617
35204
40065
38144
40185
35738
40040
35078
39984
38169
38844
40728
40730
40298
39345
40686
40694
40703
40724
41119
35766
40251
40077
40081
34382
35560
39083
37225
39135
36455
39889
40449
36403
39902
37726
37704
37719
37712
37720
40679
38463
39765
38464
39766
33121
39153
39176
38152
39266
38591
38616
37985
41192
34779
39893
41238
40165
39529
39530
40447
40788
37706
40546
40549
33820
33819
36601
39086
36612
36440
40080
38986
37046
40268
40564
38684
35193
39179
38138
38359
41063
39471
39039
38861
38921
33648
38151
33647
38150
39294
41216
41174
40731
36374
39909
29644
40457
29190
38108
32534
34200
39478
28915
28916
36360
39907
39589
39590
37127
32554
40234
38173
40160
40455
37692
40084
41160
39429
37404
39864
36452
39886
36408
40025
39834
40670
34503
39882
39383
39382
39385
38638
41200
38202
40230
40550
37703
37721
40535
40552
38740
41072
40553
38383
40106
40544
40086
37949
40620
38869
38674
41185
40916
38382
40105
38831
30708
38839
29875
38829
38069
38691
38716
38830
37187
37214
37215
38722
38728
38700
38699
38698
38697
38696
38842
38841
38847
40303
33257
38486
39559
33255
33256
40934
38800
36478
38116
39401
41158
36698
36702
39549
41190
41191
36914
40018
38177
39774
40642
41067
36700
40797
39037
40902
39036
40091
40904
40673
41002
40674
39133
38999
39163
39220
39213
40090
37257
37164
36519
40382
39229
38736
38950
38770
40231
39521
33258
39986
33259
41159
33260
39994
36949
40470
38118
40227
40128
38852
39348
38535
31181
35701
38481
39556
38482
39557
38492
38552
39763
40027
38487
39562
40476
34012
40214
40133
39203
37405
35982
40047
41033
40529
37213
38127
36450
39800
40092
36720
40912
39730
38763
38923
40498
40748
39281
38793
38741
38914
36274
39793
36387
40024
29910
40275
35159
40373
35497
40043
31357
38031
37002
37003
37007
37008
37018
36865
38017
38650
38361
40181
40482
40109
39596
40492
39061
37052
38925
38884
38777
39355
38117
39528
39775
38178
39772
33822
34380
37734
36596
39085
40420
36884
36891
36583
40369
34015
41356
36496
40374
36553
40358
34968
39364
34384
39368
39428
34731
34873
39077
40697
40486
40163
40222
37832
37160
37714
38926
40614
38607
28390
39356
39469
39646
39968
38322
41087
38742
40536
40352
40539
40548
37724
40558
40604
37699
37716
37725
40537
40540
40554
38729
38675
35912
39249
38631
39212
40444
39283
37690
32481
39161
38356
40179
39010
40817
37883
40701
39288
39307
39354
38743
38632
38874
38771
38773
39028
40816
40461
39009
40629
39685
39174
41026
36351
40116
38968
38218
39205
35588
40245
34356
39510
39325
39339
40623
40093
37235
40687
37929
36965
40634
37395
37396
38266
38843
39872
39402
32715
40345
38778
38779
38886
40302
38744
38745
28857
38858
38746
37076
38747
38887
38723
38748
40541
36270
39788
36271
39792
39607
39799
41085
36277
39606
39791
39798
40195
40196
36912
38512
39804
37327
40689
37258
40328
40690
40342
40306
39453
39438
39448
39455
39462
40299
41199
36861
36862
37148
37333
37165
37989
37992
37994
38006
38008
38010
37336
39000
39166
39167
38256
39165
39164
36291
39967
38928
39498
38761
38984
38758
38888
40752
38995
32404
40913
40096
34502
39884
38232
33889
38604
39038
34501
39175
38212
40774
37916
39361
35267
39396
38715
34162
39189
38160
38162
40636
40307
40517
38126
40692
40693
34866
40903
38759
38590
38822
37182
38794
38760
39060
40523
37913
39248
37871
40713
40714
37785
37775
37705
40799
37819
37840
37810
37839
33818
40624
34164
39190
35501
35499
35498
35711
29896
39099
39696
37921
35570
32536
34201
39159
37937
34389
39096
37938
38648
38620
39058
40914
40595
34553
37231
37190
33405
39733
41028
40528
39735
41034
38203
40534
39734
40533
40527
39731
39732
39736
40387
37006
37017
35338
32664
39737
41029
41031
39687
38458
39533
39762
38667
31676
32727
33461
28630
40169
34383
39081
34391
39109
41015
36966
36967
36974
36975
40357
37325
37150
37232
37233
34163
39191
40562
40331
40314
40824
39426
40432
40510
40563
40433
40384
37092
37101
41352
41014
39417
39346
39728
38451
32384
38554
39927
39244
40210
38765
38749
36305
38234
38808
38945
39485
39613
40655
40708
40813
40814
41123
41217
41122
39415
40388
34026
39149
37309
37196
39642
40599
39459
39018
35339
36915
39896
37879
37882
36943
41330
38836
40524
37784
40798
40781
41044
33265
36364
39920
37181
39031
39030
38268
40488
38848
38849
40406
37932
38689
38076
38670
38073
38041
39932
39265
38312
38313
38314
38315
40700
40650
37884
40640
38216
36030
37908
38342
40780
37888
40641
37890
37521
40158
33661
39535
40376
36959
40356
40361
41005
40394
40504
40503
40367
36863
37928
40360
40370
40390
40435
37342
41156
28631
32405
38555
39928
38385
40108
34954
37331
34654
32983
40930
38889
38766
38089
38709
38855
40905
38511
39803
38510
39802
38513
39805
40220
40221
38509
39801
39611
39809
37159
38772
40826
40825
40408
36876
36874
36875
40413
36877
40396
40397
40398
40400
40414
40415
36873
37947
37950
39584
37755
39441
39443
31959
31957
40617
40616
41189
36314
40249
40162
40793
37186
38834
33233
39080
38864
37340
37039
38710
38007
38856
39552
33588
38184
39915
36386
39931
35467
39929
38750
36375
40022
36342
38183
39930
33274
38190
39934
41075
38121
39204
34689
38605
40669
39727
38174
40183
35503
39284
39287
38521
39813
40052
37409
40115
31412
35208
40030
36313
40078
40242
39835
37406
41165
31415
36438
39838
39531
38514
39806
33663
39883
36451
39885
37328
40586
40587
40588
40589
41096
38217
38131
39379
39380
40150
40151
38991
38142
38362
40103
36992
37229
39035
39298
38929
38890
34760
36988
36990
36994
36995
41384
36991
36996
41385
38677
37791
36523
40383
28993
28992
28994
28990
28991
33100
37525
40923
38687
40889
38680
38818
38695
37177
37075
38051
39353
39326
37730
37173
37079
38865
37942
38133
28860
38863
39826
35357
37727
36389
39900
40677
40451
36964
38626
40423
39230
41167
36987
38171
33275
33276
40998
38186
39936
40638
34742
39941
38187
39937
36419
39940
41152
36985
39553
36340
36367
39935
40113
36393
39938
41201
37372
39956
35275
39114
39697
35356
39071
36356
39897
37373
39863
35549
38148
35548
38145
39072
36355
39906
40834
41089
40835
41090
36357
39919
37722
36358
39980
34543
36916
37084
40836
35547
38143
39073
39143
39070
39069
32398
35043
39074
40929
38712
36476
39092
34874
39078
36885
40206
38780
36382
39921
33300
35243
39470
36609
39117
36343
40114
39638
32244
39830
37362
40897
33897
39895
37236
40530
41234
36007
39144
35253
38161
39350
38170
38233
39351
33301
38180
36377
39944
29523
39180
36482
38114
41173
36479
38115
41363
41360
37707
36416
39933
41359
36480
36477
41095
40621
37072
37209
40487
38137
39225
38737
38230
41312
41186
40827
38801
38767
39208
37071
39268
29876
37073
38594
39016
39319
38452
41157
40407
35200
40061
35018
40216
35016
36275
39786
36276
39794
38083
33304
39987
33288
39995
33289
39996
38485
39558
40223
38258
39570
35160
39971
38853
34256
39950
36404
39903
34226
40073
34224
40463
39565
39566
39569
39571
40750
40838
33817
41032
41148
40787
40585
40127
40485
40228
39160
37495
38851
36925
38930
40154
36908
39970
38388
40135
28785
39976
40134
40121
34547
39973
32626
39975
33050
39979
41162
36401
36919
39888
36951
38561
40139
40442
37713
38909
32477
39698
38718
34025
39152
33307
40001
38179
39985
39045
41316
39290
39297
39311
39310
39299
39295
39327
39305
39306
40632
38195
39304
34253
39948
36369
36370
34255
39960
36398
36399
36400
36422
36423
39330
39378
39185
39597
37745
37841
40542
41139
36441
36437
37049
37050
38713
38866
40853
40868
40845
40863
37654
37651
37652
37655
37656
38602
34758
36993
38331
33096
39221
39477
38931
40378
40256
40842
33315
39991
33316
39997
33317
39998
37771
40801
36407
40429
40864
40874
37234
37885
31611
40927
35276
39137
37304
37923
39434
41049
41059
41053
41050
41051
41054
41055
41057
41058
41052
41056
34018
40364
36376
40023
38082
38665
37728
37729
36872
36888
39700
36434
36997
36701
39548
40790
34880
34202
39184
38781
34972
39158
34879
39093
38835
38159
38812
41354
39476
40922
40130
39464
40460
40229
29631
41179
38802
38891
36867
38892
38490
38506
35469
40070
41172
33267
38498
38496
38494
38500
41084
31526
39776
39777
40783
37321
38369
40120
38782
38012
39181
40436
40431
37332
37237
37238
40583
32435
34956
37324
40274
38611
38622
35502
40094
41184
39162
39560
40427
38821
40936
37211
37038
38870
37037
38873
38871
37210
38932
38134
40350
40351
38862
40844
40865
34615
38893
39320
40881
40880
40879
32860
40877
40878
39365
40882
40887
40886
40888
39367
40883
40884
40626
37174
37077
38633
39300
35854
40100
38714
38868
40497
35707
40083
41021
40859
40862
38725
38033
37270
39449
38593
38933
39302
38774
38071
38706
38669
36485
40198
41068
39359
41101
40166
38479
36968
37966
37968
37969
37967
37970
35171
28767
39371
35017
39859
41019
37147
36948
38624
38625
39214
32125
40430
40538
38239
40939
38194
34552
39375
38087
38570
39142
40051
39433
37192
37198
38857
40938
37151
34544
34542
38132
35174
40892
35172
40890
34545
40362
37152
38564
39370
39001
39002
39376
33874
40035
39373
40368
38483
39643
33894
39861
38237
34250
39815
38478
39555
39832
40278
39599
40893
35832
39366
36444
39875
40926
38049
39876
39377
37292
41020
37153
36433
40038
37700
37149
40711
37990
29258
36890
39253
38060
36595
39075
38627
35297
35723
39877
39439
40622
28855
38859
39314
39315
38678
39511
40340
38837
38775
34881
39087
34975
39155
35561
39120
34971
39088
37228
39119
33097
39313
39129
39324
39126
39131
39003
39004
39005
39125
39128
39130
39127
39008
39450
39422
39423
39424
40521
39440
40337
39445
40925
40493
38791
40499
35076
39006
39007
40695
38972
40909
38158
39684
38538
38542
40152
40208
34254
39949
41039
40715
40618
38259
38969
38668
38462
39764
35196
40049
38934
39231
39222
39245
36031
38958
39223
37828
36032
36033
38960
38957
39232
38124
38894
40054
40749
40839
40354
38875
37274
38692
39067
38977
40662
38565
40751
38978
39564
38386
40124
38387
40125
41073
38721
38872
37036
38879
38948
39503
33586
33693
40462
41204
37843
38381
40104
40132
38215
40704
37873
38281
38214
38983
38936
34750
38896
38976
38752
38919
38974
38912
40087
41045
36428
39947
35206
40291
34004
39106
39124
40567
36725
39057
39171
41198
38937
37083
40576
37936
29897
39101
38838
40172
39614
39853
40474
38524
41061
34396
38664
36828
38086
38705
38088
37920
40290
38122
38819
38681
38694
39334
38876
40347
38882
40089
38878
30717
38880
38267
38826
28812
29878
39839
39842
40676
37069
37183
39844
38693
33696
40416
40334
39255
38751
38941
39602
36045
40157
35075
39983
35663
40156
35077
39981
40915
40920
40935
38796
40841
39540
38279
37161
36383
39899
36366
39917
36426
39905
36341
40159
36390
39901
38803
40921
37061
38726
30713
38730
38727
33587
37178
39682
39683
38647
40721
39363
39563
38280
37895
37896
38228
38226
38227
39049
37004
37005
37016
37377
34649
37306
37941
41188
33980
41024
37754
40782
37366
39110
40232
36879
40506
40505
40419
40417
36881
39691
31738
40479
39427
37155
40254
39421
40284
39403
39405
38897
40257
37330
40551
40691
40849
38193
38493
33324
40002
33325
39988
33285
40011
33290
40012
39579
39946
34766
40015
39593
40014
38040
40019
40164
35012
35013
35014
35015
32665
39228
35011
39961
38581
40142
35753
36361
40020
36554
38663
36831
38085
39526
39527
28809
41143
39773
39768
39770
34536
39767
38120
39534
40099
39576
39333
38477
40148
40147
40149
40146
40860
39344
36282
33327
33329
33330
33331
33332
33333
33335
40003
40006
40007
40008
40005
40009
38043
40004
33334
40010
35781
36464
35784
35783
41006
34655
39195
34049
39226
41130
36410
39945
37836
37893
37835
37780
37904
37808
36696
36697
37154
37241
37242
41010
40224
41154
39398
39436
41012
35755
35756
33425
33539
36330
33190
40658
33196
39463
33202
40656
40657
40660
36685
40411
33451
32214
32848
33193
36329
30282
30283
38586
38016
37180
34387
39108
39841
40186
38119
39848
39852
40792
39542
36409
39913
38666
37082
39178
41197
33620
39118
32307
39104
38717
40848
38004
40446
29885
34878
39095
40385
36871
34970
39151
34861
39192
37317
40225
39532
40568
39173
32867
39408
37326
39442
40571
40592
37997
40600
39322
39323
38471
40289
39446
40565
40566
37940
35202
40064
38034
38035
38345
39386
38753
37303
39123
35582
40155
40637
33347
36431
39954
38619
38621
39050
39068
39100
39102
39105
39107
39059
36560
39466
41071
38175
37053
37195
38883
39807
40475
37156
36417
39904
37731
38332
37723
39391
32400
28817
39091
38813
38832
39444
34388
33998
40393
37733
39818
39056
38059
39819
39817
39823
39824
38539
39816
38537
36726
36379
39910
33348
39588
41187
40633
30723
37045
38724
38877
37041
38719
37845
40327
40283
41138
38344
40075
35252
35198
40066
35205
40292
35465
40060
38967
38998
40709
38044
41163
40332
39951
39952
39953
40710
40235
38549
40182
38508
38558
39554
38489
39561
41194
37367
40233
37894
40789
38783
38784
36395
39989
36396
39990
38163
34417
40635
39395
38551
39926
34227
40074
40286
40918
40606
41196
40684
40445
40259
40309
37243
34955
37244
38516
39808
38720
39603
39779
40359
38860
41086
38754
28780
40033
40079
36910
39881
40699
37128
40287
33349
29091
36472
40028
40184
27961
33095
37348
40311
40520
35464
40293
35581
40241
38107
38182
39912
39585
37993
28476
39103
36378
39867
40473
36593
39084
36598
39111
39525
39831
39639
39640
39641
39843
38213
39598
35983
40045
41140
38042
39923
38189
39898
40365
40381
39854
39847
39850
39846
39851
38575
38599
37691
41202
39172
39390
40522
39516
39515
36453
39887
37343
36866
40375
37951
36868
40395
39328
36605
39115
40675
33585
39392
40140
35192
40143
40123
40122
40197
39393
37708
37709
38323
38050
35583
40248
40174
38503
40456
38519
39811
38470
39771
33898
39892
38495
40525
37783
40784
40785
40796
41097
36373
38064
41161
38002
38229
40496
39015
40270
37772
39833
39836
37297
38898
35194
39974
40258
40850
38588
38785
37927
34001
38899
38786
40917
36394
33821
40605
39317
39460
40424
40625
38688
39280
31360
38149
38457
39761
40194
37847
32143
33823
40044
35505
39964
41038
38515
33896
39894
38518
39810
33033
40170
39303
39352
34882
39090
31679
40098
37842
32587
39076
32585
39079
37991
36557
39465
35996
39147
39409
40366
29116
40355
36632
40409
38814
38833
40353
38523
39814
40325
40846
41070
41136
37701
39550
40212
40213
39551
40211
32726
36909
39880
40190
40191
40188
40187
38384
40107
39855
40744
40745
39679
39746
39547
40338
39447
37298
37299
40495
38577
39034
40273
39452
40584
40344
36855
38797
38367
40118
38368
40119
37179
37391
38596
34011
39113
36354
40161
38125
40129
34021
38816
41357
38840
38707
37176
38366
40117
37919
40144
37390
38597
34394
37702
39454
40324
36607
39116
40380
40310
40297
40272
40282
37779
36724
39168
39041
39729
41094
39054
37166
37344
38639
38651
38652
38653
38660
39186
39207
41062
40490
40434
41150
40443
36913
40017
37844
39246
39605
39860
40453
40454
38608
38804
38938
38805
38522
39862
39517
39787
36273
39546
39519
38900
38111
36481
40333
40285
31688
38572
29899
39139
39140
39468
39138
39066
40199
37805
37066
36911
40016
34737
38013
38850
39726
40681
38963
33904
28826
34205
37175
37054
38944
38946
38947
38265
40141
37337
37338
31316
34030
34952
36405
37735
38807
39134
39845
39871
40654
40778
40933
41118
41120
41121
41355
37080
37074
37067
40296
37408
39193
40240
36388
39868
30695
34951
40702
40543
40619
38982
39619
38901
33355
39026
39032
39029
38491
39645
38140
38357
39387
33381
38553
40907
36882
39301
41153
40555
38911
38798
38939
38732
33996
41103
35470
40294
37753
40171
40153
40450
34695
38176
40237
41358
41018
41016
41017
40316
37924
40573
41011
37925
38913
38987
38787
40317
36350
40239
40318
40320
40319
40428
39411
36344
40167
40321
40346
39681
40322
38231
36421
39943
38092
37341
35259
39482
39296
38731
39199
39201
39202
38343
38679
38156
36864
41102
39048
40556
40545
34225
40056
40046
39594
36827
37070
33901
40484
37796
39604
39856
40597
40685
37040
37193
38711
40112
37378
40682
40594
39389
38600
36446
39879
38603
32546
40895
39572
40644
38573
35173
40891
38112
38136
38208
34762
40013
37806
34656
37934
39692
39481
34883
39089
34884
36531
40386
39200
39209
39693
36592
40418
36880
40688
39308
37329
34953
39020
39021
39023
39024
36483
37090
37095
37093
37089
37094
39404
37091
37099
41182
41183
41168
41169
28633
29907
34863
35473
35594
35733
35734
35735
35736
36488
37167
37168
37169
37170
38640
38643
38644
38645
38646
38654
38655
38656
38657
38658
38701
38702
38703
38704
38757
38845
39141
39194
39274
39536
40138
40511
40512
40513
40856
40857
40858
40873
40919
39483
35345
37345
38327
39121
39187
41022
34957
37346
38328
39122
39188
41023
40177
40178
31403
38906
33660
38907
38908
39358
39538
38762
38209
37886
37887
38769
38776
37653
38790
38962
38973
40743
38046
38799
38806
38792
38606
39340
39341
40659
40266
40267
40661
40671
37786
36484
37782
40389
40401
35593
37922
40137
40236
41098
40399
40402
40403
40404
36349
40238
36487
40348
40410
34658
39486
34659
39487
40176
31381
39431
31979
38146
40335
36473
40068
38052
40034
39592
39955
36439
40076
40071
36474
40069
40459
32142
40067
40072
33697
34756
41164
40058
40467
40466
35209
40037
41155
40458
35182
40042
38039
40041
37359
38788
38734
37305
39136
34386
39112
35274
38690
40843
40871
37715
37892
40794
37787
38015
38733
40532
41030
37048
37197
37184
32666
37044
38881
38686
39329
37064
38739
40582
38988
38637
40683
38070
40569
40570
39514
40226
37710
37718
37717
39504
40279
39369
38153
38904
38905
40192
38815
40607
35158
40372
41134
41147
38634
38828
37212
38738
38735
39432
41088
38038
40055
37323
36878
40392
36362
40021
31228
38248
31674
40741
31681
38952
37789
39014
39017
39012
38827
38682
39013
39011
38276
38255
38238
38240
38262
38263
38260
38261
38047
39849
38249
38250
38254
38623
32105
38128
38251
38970
35199
40059
41074
37915
37799
39591
40053
41353
38244
38247
38672
38009
40379
40363
38105
40312
38192
39922
38025
38026
35341
37081
41025
37222
37115
37116
37125
37126
37117
37131
37191
41035
41036
37118
37914
37891
41149
37248
35203
39420
32884
39397
39419
36029
37711
29877
39286
37267
40343
41218
39413
38768
37870
40696
38671
37217
39247
40851
37146
39416
39418
40911
37290
40305
33584
41142
39033
38584
28833
28839
28632
37912
39338
39019
37163
37158
37253
40102
33092
39972
40193
40910
39523
36969
36973
36976
36977
38956
37520
31995
34027
39145
35909
33927
40246
40189
39829
40508
40574
36509
36513
29938
33059
33062
34958
35099
35405
35406
35407
35408
36346
38283
38661
38809
38810
39479
39480
39489
39743
40412
35870
35869
35868
39410
38971
33902
39978
40483
37790
33399
39273
40872
39336
39335
39256
39275
40630
40631
41329
39277
39337
37698
38708
38902
38789
38867
37339
33361
39992
33362
39999
33363
40000
38502
39615
39812
30884
39778
38065
38066
39360
37353
37334
40561
40602
40628
40627
40603
37047
40491
38918
38755
38966
32641
39182
40218
39316
39381
40639
37063
38997
40901
37062
38589
38649
38795
38903
37252
39272
39210
41009
39699
37917
39027
39183
33364
38011
40531
39357
39254
39742
37138
39738
39741
37139
37140
37137
37141
40276
38200
32439
40219
38269
38270
38271
38003
35195
40050
41013
33123
39156
39437
41008
39309
39224
40101
37746
38756
35197
40048
39545
38917
40437
41076
36869
28840
41141
39769
37051
41177
41193
40088
41195
37768
38550
39925
40601
40668
38942
41180
41181
41170
41171
29394
40255
36723
40315
39055
40747
40840